0.870 1.107
0.865 1.117
0.861 1.650
0.860 1.122
0.853 1.181
0.851 1.188
0.845 1.196
0.844 1.278
0.843 1.255
0.841 1.206
0.840 1.190
0.840 1.724
0.838 1.728
0.833 1.733
0.832 1.205
0.831 1.307
0.830 1.217
0.827 1.266
0.826 1.249
0.825 1.232
0.825 1.767
0.824 1.247
0.822 1.333
0.821 1.269
0.820 1.270
0.816 1.289
0.816 1.278
0.815 1.300
0.810 1.285
0.810 1.340
0.810 1.308
0.803 1.297
0.797 1.316
0.794 1.424
0.787 1.390
0.785 1.357
0.784 1.352
0.780 1.420
0.772 1.503
0.765 1.408
0.767 1.481
0.754 1.434
0.753 1.439
0.752 1.453
0.747 1.457
0.736 1.492
0.686 1.583
0.667 1.640
0.613 1.735
0.601 1.765

